NX                  15
NY                  15
P                   3
SCHEME              DC
VISC                0.00000000
NREF                0
INISOL              TAYLOR_GREEN
DT                  0.00050000
TSIM                0.00000000
NDUMP               1
# --- LES Parameters ---
USE_LES             FALSE
# --- Forcing Parameters ---
USE_FORCING         FALSE
BEGIN_SOLUTION
0.000000000000000e+00    0.000000000000000e+00    0.000000000000000e+00    -0.000000000000000e+00   
4.487989505128276e-01    0.000000000000000e+00    4.338837391175581e-01    -0.000000000000000e+00   
8.975979010256552e-01    0.000000000000000e+00    7.818314824680298e-01    -0.000000000000000e+00   
1.346396851538483e+00    0.000000000000000e+00    9.749279121818236e-01    -0.000000000000000e+00   
1.795195802051310e+00    0.000000000000000e+00    9.749279121818236e-01    0.000000000000000e+00    
2.243994752564138e+00    0.000000000000000e+00    7.818314824680299e-01    0.000000000000000e+00    
2.692793703076966e+00    0.000000000000000e+00    4.338837391175582e-01    0.000000000000000e+00    
3.141592653589793e+00    0.000000000000000e+00    1.224646799147353e-16    0.000000000000000e+00    
3.590391604102621e+00    0.000000000000000e+00    -4.338837391175580e-01   0.000000000000000e+00    
4.039190554615448e+00    0.000000000000000e+00    -7.818314824680297e-01   0.000000000000000e+00    
4.487989505128276e+00    0.000000000000000e+00    -9.749279121818236e-01   0.000000000000000e+00    
4.936788455641103e+00    0.000000000000000e+00    -9.749279121818236e-01   -0.000000000000000e+00   
5.385587406153931e+00    0.000000000000000e+00    -7.818314824680299e-01   -0.000000000000000e+00   
5.834386356666759e+00    0.000000000000000e+00    -4.338837391175583e-01   -0.000000000000000e+00   
6.283185307179586e+00    0.000000000000000e+00    -2.449293598294706e-16   -0.000000000000000e+00   
0.000000000000000e+00    4.487989505128276e-01    0.000000000000000e+00    -4.338837391175581e-01   
4.487989505128276e-01    4.487989505128276e-01    3.909157412340149e-01    -3.909157412340149e-01   
8.975979010256552e-01    4.487989505128276e-01    7.044058256496909e-01    -2.705220865321328e-01   
1.346396851538483e+00    4.487989505128276e-01    8.783796973249267e-01    -9.654821485689692e-02   
1.795195802051310e+00    4.487989505128276e-01    8.783796973249267e-01    9.654821485689687e-02    
2.243994752564138e+00    4.487989505128276e-01    7.044058256496910e-01    2.705220865321327e-01    
2.692793703076966e+00    4.487989505128276e-01    3.909157412340150e-01    3.909157412340148e-01    
3.141592653589793e+00    4.487989505128276e-01    1.103368640208112e-16    4.338837391175581e-01    
3.590391604102621e+00    4.487989505128276e-01    -3.909157412340148e-01   3.909157412340149e-01    
4.039190554615448e+00    4.487989505128276e-01    -7.044058256496908e-01   2.705220865321328e-01    
4.487989505128276e+00    4.487989505128276e-01    -8.783796973249267e-01   9.654821485689698e-02    
4.936788455641103e+00    4.487989505128276e-01    -8.783796973249267e-01   -9.654821485689682e-02   
5.385587406153931e+00    4.487989505128276e-01    -7.044058256496910e-01   -2.705220865321327e-01   
5.834386356666759e+00    4.487989505128276e-01    -3.909157412340151e-01   -3.909157412340148e-01   
6.283185307179586e+00    4.487989505128276e-01    -2.206737280416224e-16   -4.338837391175581e-01   
0.000000000000000e+00    8.975979010256552e-01    0.000000000000000e+00    -7.818314824680298e-01   
4.487989505128276e-01    8.975979010256552e-01    2.705220865321328e-01    -7.044058256496909e-01   
8.975979010256552e-01    8.975979010256552e-01    4.874639560909119e-01    -4.874639560909119e-01   
1.346396851538483e+00    8.975979010256552e-01    6.078576107927940e-01    -1.739738716752359e-01   
1.795195802051310e+00    8.975979010256552e-01    6.078576107927940e-01    1.739738716752358e-01    
2.243994752564138e+00    8.975979010256552e-01    4.874639560909119e-01    4.874639560909118e-01    
2.692793703076966e+00    8.975979010256552e-01    2.705220865321328e-01    7.044058256496908e-01    
3.141592653589793e+00    8.975979010256552e-01    7.635547901473156e-17    7.818314824680298e-01    
3.590391604102621e+00    8.975979010256552e-01    -2.705220865321327e-01   7.044058256496909e-01    
4.039190554615448e+00    8.975979010256552e-01    -4.874639560909118e-01   4.874639560909119e-01    
4.487989505128276e+00    8.975979010256552e-01    -6.078576107927940e-01   1.739738716752360e-01    
4.936788455641103e+00    8.975979010256552e-01    -6.078576107927940e-01   -1.739738716752357e-01   
5.385587406153931e+00    8.975979010256552e-01    -4.874639560909119e-01   -4.874639560909117e-01   
5.834386356666759e+00    8.975979010256552e-01    -2.705220865321329e-01   -7.044058256496908e-01   
6.283185307179586e+00    8.975979010256552e-01    -1.527109580294631e-16   -7.818314824680298e-01   
0.000000000000000e+00    1.346396851538483e+00    0.000000000000000e+00    -9.749279121818236e-01   
4.487989505128276e-01    1.346396851538483e+00    9.654821485689692e-02    -8.783796973249267e-01   
8.975979010256552e-01    1.346396851538483e+00    1.739738716752359e-01    -6.078576107927940e-01   
1.346396851538483e+00    1.346396851538483e+00    2.169418695587791e-01    -2.169418695587791e-01   
1.795195802051310e+00    1.346396851538483e+00    2.169418695587791e-01    2.169418695587790e-01    
2.243994752564138e+00    1.346396851538483e+00    1.739738716752359e-01    6.078576107927939e-01    
2.692793703076966e+00    1.346396851538483e+00    9.654821485689695e-02    8.783796973249266e-01    
3.141592653589793e+00    1.346396851538483e+00    2.725095495128801e-17    9.749279121818236e-01    
3.590391604102621e+00    1.346396851538483e+00    -9.654821485689689e-02   8.783796973249267e-01    
4.039190554615448e+00    1.346396851538483e+00    -1.739738716752358e-01   6.078576107927941e-01    
4.487989505128276e+00    1.346396851538483e+00    -2.169418695587791e-01   2.169418695587793e-01    
4.936788455641103e+00    1.346396851538483e+00    -2.169418695587791e-01   -2.169418695587789e-01   
5.385587406153931e+00    1.346396851538483e+00    -1.739738716752359e-01   -6.078576107927938e-01   
5.834386356666759e+00    1.346396851538483e+00    -9.654821485689696e-02   -8.783796973249266e-01   
6.283185307179586e+00    1.346396851538483e+00    -5.450190990257602e-17   -9.749279121818236e-01   
0.000000000000000e+00    1.795195802051310e+00    -0.000000000000000e+00   -9.749279121818236e-01   
4.487989505128276e-01    1.795195802051310e+00    -9.654821485689687e-02   -8.783796973249267e-01   
8.975979010256552e-01    1.795195802051310e+00    -1.739738716752358e-01   -6.078576107927940e-01   
1.346396851538483e+00    1.795195802051310e+00    -2.169418695587790e-01   -2.169418695587791e-01   
1.795195802051310e+00    1.795195802051310e+00    -2.169418695587790e-01   2.169418695587790e-01    
2.243994752564138e+00    1.795195802051310e+00    -1.739738716752358e-01   6.078576107927939e-01    
2.692793703076966e+00    1.795195802051310e+00    -9.654821485689689e-02   8.783796973249266e-01    
3.141592653589793e+00    1.795195802051310e+00    -2.725095495128799e-17   9.749279121818236e-01    
3.590391604102621e+00    1.795195802051310e+00    9.654821485689684e-02    8.783796973249267e-01    
4.039190554615448e+00    1.795195802051310e+00    1.739738716752358e-01    6.078576107927941e-01    
4.487989505128276e+00    1.795195802051310e+00    2.169418695587790e-01    2.169418695587793e-01    
4.936788455641103e+00    1.795195802051310e+00    2.169418695587790e-01    -2.169418695587789e-01   
5.385587406153931e+00    1.795195802051310e+00    1.739738716752358e-01    -6.078576107927938e-01   
5.834386356666759e+00    1.795195802051310e+00    9.654821485689692e-02    -8.783796973249266e-01   
6.283185307179586e+00    1.795195802051310e+00    5.450190990257599e-17    -9.749279121818236e-01   
0.000000000000000e+00    2.243994752564138e+00    -0.000000000000000e+00   -7.818314824680299e-01   
4.487989505128276e-01    2.243994752564138e+00    -2.705220865321327e-01   -7.044058256496910e-01   
8.975979010256552e-01    2.243994752564138e+00    -4.874639560909118e-01   -4.874639560909119e-01   
1.346396851538483e+00    2.243994752564138e+00    -6.078576107927939e-01   -1.739738716752359e-01   
1.795195802051310e+00    2.243994752564138e+00    -6.078576107927939e-01   1.739738716752358e-01    
2.243994752564138e+00    2.243994752564138e+00    -4.874639560909118e-01   4.874639560909118e-01    
2.692793703076966e+00    2.243994752564138e+00    -2.705220865321328e-01   7.044058256496909e-01    
3.141592653589793e+00    2.243994752564138e+00    -7.635547901473155e-17   7.818314824680299e-01    
3.590391604102621e+00    2.243994752564138e+00    2.705220865321327e-01    7.044058256496910e-01    
4.039190554615448e+00    2.243994752564138e+00    4.874639560909117e-01    4.874639560909120e-01    
4.487989505128276e+00    2.243994752564138e+00    6.078576107927939e-01    1.739738716752360e-01    
4.936788455641103e+00    2.243994752564138e+00    6.078576107927939e-01    -1.739738716752357e-01   
5.385587406153931e+00    2.243994752564138e+00    4.874639560909118e-01    -4.874639560909118e-01   
5.834386356666759e+00    2.243994752564138e+00    2.705220865321329e-01    -7.044058256496909e-01   
6.283185307179586e+00    2.243994752564138e+00    1.527109580294631e-16    -7.818314824680299e-01   
0.000000000000000e+00    2.692793703076966e+00    -0.000000000000000e+00   -4.338837391175582e-01   
4.487989505128276e-01    2.692793703076966e+00    -3.909157412340148e-01   -3.909157412340150e-01   
8.975979010256552e-01    2.692793703076966e+00    -7.044058256496908e-01   -2.705220865321328e-01   
1.346396851538483e+00    2.692793703076966e+00    -8.783796973249266e-01   -9.654821485689695e-02   
1.795195802051310e+00    2.692793703076966e+00    -8.783796973249266e-01   9.654821485689689e-02    
2.243994752564138e+00    2.692793703076966e+00    -7.044058256496909e-01   2.705220865321328e-01    
2.692793703076966e+00    2.692793703076966e+00    -3.909157412340150e-01   3.909157412340150e-01    
3.141592653589793e+00    2.692793703076966e+00    -1.103368640208112e-16   4.338837391175582e-01    
3.590391604102621e+00    2.692793703076966e+00    3.909157412340148e-01    3.909157412340150e-01    
4.039190554615448e+00    2.692793703076966e+00    7.044058256496907e-01    2.705220865321329e-01    
4.487989505128276e+00    2.692793703076966e+00    8.783796973249266e-01    9.654821485689700e-02    
4.936788455641103e+00    2.692793703076966e+00    8.783796973249266e-01    -9.654821485689685e-02   
5.385587406153931e+00    2.692793703076966e+00    7.044058256496909e-01    -2.705220865321327e-01   
5.834386356666759e+00    2.692793703076966e+00    3.909157412340151e-01    -3.909157412340150e-01   
6.283185307179586e+00    2.692793703076966e+00    2.206737280416224e-16    -4.338837391175582e-01   
0.000000000000000e+00    3.141592653589793e+00    -0.000000000000000e+00   -1.224646799147353e-16   
4.487989505128276e-01    3.141592653589793e+00    -4.338837391175581e-01   -1.103368640208112e-16   
8.975979010256552e-01    3.141592653589793e+00    -7.818314824680298e-01   -7.635547901473156e-17   
1.346396851538483e+00    3.141592653589793e+00    -9.749279121818236e-01   -2.725095495128801e-17   
1.795195802051310e+00    3.141592653589793e+00    -9.749279121818236e-01   2.725095495128799e-17    
2.243994752564138e+00    3.141592653589793e+00    -7.818314824680299e-01   7.635547901473155e-17    
2.692793703076966e+00    3.141592653589793e+00    -4.338837391175582e-01   1.103368640208112e-16    
3.141592653589793e+00    3.141592653589793e+00    -1.224646799147353e-16   1.224646799147353e-16    
3.590391604102621e+00    3.141592653589793e+00    4.338837391175580e-01    1.103368640208112e-16    
4.039190554615448e+00    3.141592653589793e+00    7.818314824680297e-01    7.635547901473157e-17    
4.487989505128276e+00    3.141592653589793e+00    9.749279121818236e-01    2.725095495128802e-17    
4.936788455641103e+00    3.141592653589793e+00    9.749279121818236e-01    -2.725095495128798e-17   
5.385587406153931e+00    3.141592653589793e+00    7.818314824680299e-01    -7.635547901473152e-17   
5.834386356666759e+00    3.141592653589793e+00    4.338837391175583e-01    -1.103368640208112e-16   
6.283185307179586e+00    3.141592653589793e+00    2.449293598294706e-16    -1.224646799147353e-16   
0.000000000000000e+00    3.590391604102621e+00    -0.000000000000000e+00   4.338837391175580e-01    
4.487989505128276e-01    3.590391604102621e+00    -3.909157412340149e-01   3.909157412340148e-01    
8.975979010256552e-01    3.590391604102621e+00    -7.044058256496909e-01   2.705220865321327e-01    
1.346396851538483e+00    3.590391604102621e+00    -8.783796973249267e-01   9.654821485689689e-02    
1.795195802051310e+00    3.590391604102621e+00    -8.783796973249267e-01   -9.654821485689684e-02   
2.243994752564138e+00    3.590391604102621e+00    -7.044058256496910e-01   -2.705220865321327e-01   
2.692793703076966e+00    3.590391604102621e+00    -3.909157412340150e-01   -3.909157412340148e-01   
3.141592653589793e+00    3.590391604102621e+00    -1.103368640208112e-16   -4.338837391175580e-01   
3.590391604102621e+00    3.590391604102621e+00    3.909157412340148e-01    -3.909157412340148e-01   
4.039190554615448e+00    3.590391604102621e+00    7.044058256496908e-01    -2.705220865321328e-01   
4.487989505128276e+00    3.590391604102621e+00    8.783796973249267e-01    -9.654821485689695e-02   
4.936788455641103e+00    3.590391604102621e+00    8.783796973249267e-01    9.654821485689680e-02    
5.385587406153931e+00    3.590391604102621e+00    7.044058256496910e-01    2.705220865321326e-01    
5.834386356666759e+00    3.590391604102621e+00    3.909157412340151e-01    3.909157412340148e-01    
6.283185307179586e+00    3.590391604102621e+00    2.206737280416224e-16    4.338837391175580e-01    
0.000000000000000e+00    4.039190554615448e+00    -0.000000000000000e+00   7.818314824680297e-01    
4.487989505128276e-01    4.039190554615448e+00    -2.705220865321328e-01   7.044058256496908e-01    
8.975979010256552e-01    4.039190554615448e+00    -4.874639560909119e-01   4.874639560909118e-01    
1.346396851538483e+00    4.039190554615448e+00    -6.078576107927941e-01   1.739738716752358e-01    
1.795195802051310e+00    4.039190554615448e+00    -6.078576107927941e-01   -1.739738716752358e-01   
2.243994752564138e+00    4.039190554615448e+00    -4.874639560909120e-01   -4.874639560909117e-01   
2.692793703076966e+00    4.039190554615448e+00    -2.705220865321329e-01   -7.044058256496907e-01   
3.141592653589793e+00    4.039190554615448e+00    -7.635547901473157e-17   -7.818314824680297e-01   
3.590391604102621e+00    4.039190554615448e+00    2.705220865321328e-01    -7.044058256496908e-01   
4.039190554615448e+00    4.039190554615448e+00    4.874639560909119e-01    -4.874639560909119e-01   
4.487989505128276e+00    4.039190554615448e+00    6.078576107927941e-01    -1.739738716752360e-01   
4.936788455641103e+00    4.039190554615448e+00    6.078576107927941e-01    1.739738716752357e-01    
5.385587406153931e+00    4.039190554615448e+00    4.874639560909120e-01    4.874639560909116e-01    
5.834386356666759e+00    4.039190554615448e+00    2.705220865321329e-01    7.044058256496907e-01    
6.283185307179586e+00    4.039190554615448e+00    1.527109580294631e-16    7.818314824680297e-01    
0.000000000000000e+00    4.487989505128276e+00    -0.000000000000000e+00   9.749279121818236e-01    
4.487989505128276e-01    4.487989505128276e+00    -9.654821485689698e-02   8.783796973249267e-01    
8.975979010256552e-01    4.487989505128276e+00    -1.739738716752360e-01   6.078576107927940e-01    
1.346396851538483e+00    4.487989505128276e+00    -2.169418695587793e-01   2.169418695587791e-01    
1.795195802051310e+00    4.487989505128276e+00    -2.169418695587793e-01   -2.169418695587790e-01   
2.243994752564138e+00    4.487989505128276e+00    -1.739738716752360e-01   -6.078576107927939e-01   
2.692793703076966e+00    4.487989505128276e+00    -9.654821485689700e-02   -8.783796973249266e-01   
3.141592653589793e+00    4.487989505128276e+00    -2.725095495128802e-17   -9.749279121818236e-01   
3.590391604102621e+00    4.487989505128276e+00    9.654821485689695e-02    -8.783796973249267e-01   
4.039190554615448e+00    4.487989505128276e+00    1.739738716752360e-01    -6.078576107927941e-01   
4.487989505128276e+00    4.487989505128276e+00    2.169418695587793e-01    -2.169418695587793e-01   
4.936788455641103e+00    4.487989505128276e+00    2.169418695587793e-01    2.169418695587789e-01    
5.385587406153931e+00    4.487989505128276e+00    1.739738716752360e-01    6.078576107927938e-01    
5.834386356666759e+00    4.487989505128276e+00    9.654821485689703e-02    8.783796973249266e-01    
6.283185307179586e+00    4.487989505128276e+00    5.450190990257605e-17    9.749279121818236e-01    
0.000000000000000e+00    4.936788455641103e+00    0.000000000000000e+00    9.749279121818236e-01    
4.487989505128276e-01    4.936788455641103e+00    9.654821485689682e-02    8.783796973249267e-01    
8.975979010256552e-01    4.936788455641103e+00    1.739738716752357e-01    6.078576107927940e-01    
1.346396851538483e+00    4.936788455641103e+00    2.169418695587789e-01    2.169418695587791e-01    
1.795195802051310e+00    4.936788455641103e+00    2.169418695587789e-01    -2.169418695587790e-01   
2.243994752564138e+00    4.936788455641103e+00    1.739738716752357e-01    -6.078576107927939e-01   
2.692793703076966e+00    4.936788455641103e+00    9.654821485689685e-02    -8.783796973249266e-01   
3.141592653589793e+00    4.936788455641103e+00    2.725095495128798e-17    -9.749279121818236e-01   
3.590391604102621e+00    4.936788455641103e+00    -9.654821485689680e-02   -8.783796973249267e-01   
4.039190554615448e+00    4.936788455641103e+00    -1.739738716752357e-01   -6.078576107927941e-01   
4.487989505128276e+00    4.936788455641103e+00    -2.169418695587789e-01   -2.169418695587793e-01   
4.936788455641103e+00    4.936788455641103e+00    -2.169418695587789e-01   2.169418695587789e-01    
5.385587406153931e+00    4.936788455641103e+00    -1.739738716752357e-01   6.078576107927938e-01    
5.834386356666759e+00    4.936788455641103e+00    -9.654821485689687e-02   8.783796973249266e-01    
6.283185307179586e+00    4.936788455641103e+00    -5.450190990257596e-17   9.749279121818236e-01    
0.000000000000000e+00    5.385587406153931e+00    0.000000000000000e+00    7.818314824680299e-01    
4.487989505128276e-01    5.385587406153931e+00    2.705220865321327e-01    7.044058256496910e-01    
8.975979010256552e-01    5.385587406153931e+00    4.874639560909117e-01    4.874639560909119e-01    
1.346396851538483e+00    5.385587406153931e+00    6.078576107927938e-01    1.739738716752359e-01    
1.795195802051310e+00    5.385587406153931e+00    6.078576107927938e-01    -1.739738716752358e-01   
2.243994752564138e+00    5.385587406153931e+00    4.874639560909118e-01    -4.874639560909118e-01   
2.692793703076966e+00    5.385587406153931e+00    2.705220865321327e-01    -7.044058256496909e-01   
3.141592653589793e+00    5.385587406153931e+00    7.635547901473152e-17    -7.818314824680299e-01   
3.590391604102621e+00    5.385587406153931e+00    -2.705220865321326e-01   -7.044058256496910e-01   
4.039190554615448e+00    5.385587406153931e+00    -4.874639560909116e-01   -4.874639560909120e-01   
4.487989505128276e+00    5.385587406153931e+00    -6.078576107927938e-01   -1.739738716752360e-01   
4.936788455641103e+00    5.385587406153931e+00    -6.078576107927938e-01   1.739738716752357e-01    
5.385587406153931e+00    5.385587406153931e+00    -4.874639560909118e-01   4.874639560909118e-01    
5.834386356666759e+00    5.385587406153931e+00    -2.705220865321328e-01   7.044058256496909e-01    
6.283185307179586e+00    5.385587406153931e+00    -1.527109580294630e-16   7.818314824680299e-01    
0.000000000000000e+00    5.834386356666759e+00    0.000000000000000e+00    4.338837391175583e-01    
4.487989505128276e-01    5.834386356666759e+00    3.909157412340148e-01    3.909157412340151e-01    
8.975979010256552e-01    5.834386356666759e+00    7.044058256496908e-01    2.705220865321329e-01    
1.346396851538483e+00    5.834386356666759e+00    8.783796973249266e-01    9.654821485689696e-02    
1.795195802051310e+00    5.834386356666759e+00    8.783796973249266e-01    -9.654821485689692e-02   
2.243994752564138e+00    5.834386356666759e+00    7.044058256496909e-01    -2.705220865321329e-01   
2.692793703076966e+00    5.834386356666759e+00    3.909157412340150e-01    -3.909157412340151e-01   
3.141592653589793e+00    5.834386356666759e+00    1.103368640208112e-16    -4.338837391175583e-01   
3.590391604102621e+00    5.834386356666759e+00    -3.909157412340148e-01   -3.909157412340151e-01   
4.039190554615448e+00    5.834386356666759e+00    -7.044058256496907e-01   -2.705220865321329e-01   
4.487989505128276e+00    5.834386356666759e+00    -8.783796973249266e-01   -9.654821485689703e-02   
4.936788455641103e+00    5.834386356666759e+00    -8.783796973249266e-01   9.654821485689687e-02    
5.385587406153931e+00    5.834386356666759e+00    -7.044058256496909e-01   2.705220865321328e-01    
5.834386356666759e+00    5.834386356666759e+00    -3.909157412340151e-01   3.909157412340151e-01    
6.283185307179586e+00    5.834386356666759e+00    -2.206737280416224e-16   4.338837391175583e-01    
0.000000000000000e+00    6.283185307179586e+00    0.000000000000000e+00    2.449293598294706e-16    
4.487989505128276e-01    6.283185307179586e+00    4.338837391175581e-01    2.206737280416224e-16    
8.975979010256552e-01    6.283185307179586e+00    7.818314824680298e-01    1.527109580294631e-16    
1.346396851538483e+00    6.283185307179586e+00    9.749279121818236e-01    5.450190990257602e-17    
1.795195802051310e+00    6.283185307179586e+00    9.749279121818236e-01    -5.450190990257599e-17   
2.243994752564138e+00    6.283185307179586e+00    7.818314824680299e-01    -1.527109580294631e-16   
2.692793703076966e+00    6.283185307179586e+00    4.338837391175582e-01    -2.206737280416224e-16   
3.141592653589793e+00    6.283185307179586e+00    1.224646799147353e-16    -2.449293598294706e-16   
3.590391604102621e+00    6.283185307179586e+00    -4.338837391175580e-01   -2.206737280416224e-16   
4.039190554615448e+00    6.283185307179586e+00    -7.818314824680297e-01   -1.527109580294631e-16   
4.487989505128276e+00    6.283185307179586e+00    -9.749279121818236e-01   -5.450190990257605e-17   
4.936788455641103e+00    6.283185307179586e+00    -9.749279121818236e-01   5.450190990257596e-17    
5.385587406153931e+00    6.283185307179586e+00    -7.818314824680299e-01   1.527109580294630e-16    
5.834386356666759e+00    6.283185307179586e+00    -4.338837391175583e-01   2.206737280416224e-16    
6.283185307179586e+00    6.283185307179586e+00    -2.449293598294706e-16   2.449293598294706e-16    
END_SOLUTION
